[editor]
sort_order = 250
position = (-4.716447,-29.753769)

