[editor]
sort_order = 0
position = (-4.716447,-29.753769)

