[editor]
position = (-4.716447,-29.753769)
sort_order = 80

