[editor]
sort_order = 90
position = (-4.716447,-29.753769)

