[editor]
sort_order = 80
position = (-4.716447,-29.753769)

