[editor]
sort_order = 260
position = (-4.716447,-29.753769)

