[editor]
sort_order = 180
position = (-4.716447,-29.753769)

