[editor]
sort_order = 290
position = (-4.716447,-29.753769)

