[editor]
sort_order = 240
position = (-4.716447,-29.753769)

