[editor]
sort_order = 60
position = (2.207617,-28.256907)

