[editor]
sort_order = 30
position = (2.207617,-28.256907)

