[editor]
position = (2.207617,-28.256907)
sort_order = 100

