[editor]
sort_order = 20
position = (2.207617,-28.256907)

