[editor]
sort_order = 330
position = (-70.163330,8.479059)

