[editor]
position = (-70.163330,8.479059)
sort_order = 280

