[editor]
sort_order = 120
position = (-70.163330,8.479059)

