[editor]
sort_order = 120
position = (-21.829205,0.086513)

