[editor]
sort_order = 400
position = (-21.829205,0.086513)

