[editor]
position = (-21.829205,0.086513)
sort_order = 340

