[editor]
sort_order = 170
position = (16.344807,-0.716555)

