[editor]
sort_order = 20
position = (0.895775,-4.486814)

