[editor]
sort_order = 180
position = (16.307915,-0.070868)

