[editor]
sort_order = 50
position = (4.913856,1.494439)

