[editor]
position = (4.930935,1.776425)
sort_order = 80

