[editor]
position = (0.779174,-5.453968)
sort_order = 10

