[editor]
sort_order = 40
position = (2.191618,-5.630045)

