[editor]
position = (2.191618,-5.630045)
sort_order = 70

