[editor]
position = (16.467941,-0.505095)
sort_order = 190

