[editor]
position = (2.208697,-5.348060)
sort_order = 80

