[editor]
sort_order = 140
position = (16.419449,-0.271768)

