[editor]
position = (16.433903,-0.580275)
sort_order = 160

