[editor]
position = (4.913856,1.494439)
sort_order = 70

