[editor]
position = (0.895775,-4.486814)
sort_order = 40

