[editor]
sort_order = 50
position = (2.208697,-5.348060)

