[editor]
sort_order = 0
position = (0.000000,5.000000)

