[editor]
position = (16.256445,-0.553225)
sort_order = 510

