[editor]
sort_order = 60
position = (4.930935,1.776425)

