[editor]
sort_order = 30
position = (0.779174,-5.453968)

