[editor]
sort_order = 380
position = (16.978464,0.064859)

