[editor]
position = (16.616259,0.318348)
sort_order = 130

