[editor]
sort_order = 190
position = (16.978464,0.064859)

