[editor]
position = (16.978464,0.064859)
sort_order = 140

