[editor]
sort_order = 350
position = (16.616259,0.318348)

