[editor]
sort_order = 180
position = (16.616259,0.318348)

