[editor]
sort_order = 160
position = (-9.500000,-13.500000)

