[editor]
sort_order = 200
position = (16.178465,0.319668)

