[editor]
sort_order = 70
position = (16.830866,0.346729)

