[editor]
sort_order = 120
position = (16.276827,0.288582)

