[editor]
position = (16.389572,0.299485)
sort_order = 30

