[editor]
position = (16.602261,0.096246)
sort_order = 90

