[editor]
sort_order = 110
position = (16.304718,0.094084)

