[editor]
sort_order = 130
position = (16.178465,0.319668)

