[editor]
sort_order = 110
position = (16.178465,0.319668)

