[editor]
position = (16.178465,0.319668)
sort_order = 130

