[editor]
sort_order = 460
position = (-9.500000,-13.500000)

