[editor]
sort_order = 90
position = (16.304718,0.094084)

