[editor]
sort_order = 70
position = (16.397387,0.370610)

