[editor]
sort_order = 440
position = (27.470633,-3.079271)

