[editor]
position = (16.276827,0.288582)
sort_order = 120

