[editor]
position = (16.397387,0.370610)
sort_order = 120

