[editor]
sort_order = 80
position = (16.830866,0.346729)

