[editor]
sort_order = 110
position = (16.602261,0.096246)

