[editor]
position = (16.304718,0.094084)
sort_order = 130

