[editor]
sort_order = 100
position = (16.397387,0.370610)

