[editor]
sort_order = 90
position = (16.830866,0.346729)

