[editor]
sort_order = 60
position = (16.830866,0.346729)

