[editor]
position = (-9.500000,-13.500000)
sort_order = 210

