[editor]
position = (2.536087,-3.649859)
sort_order = 120

