[editor]
position = (2.113182,-2.426860)
sort_order = 140

