[editor]
sort_order = 140
position = (15.595243,0.599477)

