[editor]
position = (15.398165,0.597940)
sort_order = 180

