[editor]
sort_order = 80
position = (15.395541,0.483826)

