[editor]
sort_order = 140
position = (7.118309,0.708852)

