[editor]
position = (1.732340,-3.163652)
sort_order = 130

