[editor]
sort_order = 100
position = (15.595243,0.599477)

