[editor]
position = (15.395541,0.483826)
sort_order = 60

