[editor]
position = (15.318636,0.285160)
sort_order = 140

