[editor]
position = (7.013765,0.729254)
sort_order = 70

