[editor]
sort_order = 150
position = (15.402804,0.726746)

