[editor]
sort_order = 50
position = (15.395541,0.483826)

