[editor]
position = (15.591778,0.489599)
sort_order = 40

