[editor]
sort_order = 60
position = (2.296765,-3.265106)

