[editor]
sort_order = 80
position = (2.057275,-3.648052)

