[editor]
position = (2.296765,-3.265106)
sort_order = 90

