[editor]
position = (2.141850,-3.302589)
sort_order = 150

