[editor]
sort_order = 100
position = (7.253086,0.344501)

