[editor]
sort_order = 120
position = (2.141850,-3.302589)

