[editor]
position = (7.118309,0.708852)
sort_order = 160

