[editor]
position = (7.143838,1.324578)
sort_order = 100

