[editor]
sort_order = 90
position = (2.536087,-3.649859)

