[editor]
position = (6.774275,0.346309)
sort_order = 110

