[editor]
position = (15.536136,0.296048)
sort_order = 150

