[editor]
position = (7.253086,0.344501)
sort_order = 120

