[editor]
sort_order = 70
position = (2.426838,-2.669782)

