[editor]
position = (6.830181,1.567501)
sort_order = 140

