[editor]
sort_order = 170
position = (15.536136,0.296048)

