[editor]
position = (2.057275,-3.648052)
sort_order = 110

