[editor]
position = (6.858849,0.691771)
sort_order = 150

