[editor]
sort_order = 230
position = (15.541029,0.286261)

