[editor]
sort_order = 130
position = (2.401309,-3.285508)

