[editor]
sort_order = 50
position = (15.591778,0.489599)

