[editor]
sort_order = 160
position = (15.536136,0.296048)

