[editor]
position = (15.595243,0.599477)
sort_order = 80

