[editor]
sort_order = 90
position = (6.774275,0.346309)

