[editor]
position = (15.496511,0.726094)
sort_order = 430

