[editor]
sort_order = 60
position = (15.591778,0.489599)

