[editor]
sort_order = 110
position = (2.113182,-2.426860)

