[editor]
sort_order = 100
position = (1.732340,-3.163652)

