[editor]
sort_order = 160
position = (15.402804,0.726746)

