[editor]
position = (15.402804,0.726746)
sort_order = 220

