[editor]
sort_order = 370
position = (15.496511,0.726094)

