[editor]
position = (2.426838,-2.669782)
sort_order = 100

