[editor]
position = (6.449340,0.830708)
sort_order = 130

