[editor]
position = (2.401309,-3.285508)
sort_order = 160

