[editor]
sort_order = 180
position = (-10.500000,-13.500000)

