[editor]
sort_order = 190
position = (-10.500000,-13.500000)

