[editor]
sort_order = 0
position = (-0.500000,0.500000)

