[editor]
sort_order = 170
position = (-0.500000,0.500000)

