[editor]
position = (-10.500000,-13.500000)
sort_order = 40

