[editor]
position = (-9.832495,-8.522427)
sort_order = 170

