[editor]
sort_order = 170
position = (-10.500000,-13.500000)

