[editor]
sort_order = 250
position = (-10.500000,-13.500000)

