[editor]
sort_order = 140
position = (-9.832495,-8.522427)

