[editor]
sort_order = 150
position = (-0.500000,0.500000)

