[editor]
sort_order = 380
position = (3.393468,-5.276111)

