[editor]
position = (2.904883,-4.425608)
sort_order = 190

