[editor]
position = (27.134142,-3.285219)
sort_order = 260

