[editor]
sort_order = 180
position = (0.025670,-0.500529)

