[editor]
position = (27.860641,-5.430507)
sort_order = 50

