[editor]
sort_order = 290
position = (3.393468,-5.276111)

