[editor]
sort_order = 160
position = (0.025670,-0.500529)

