[editor]
position = (25.992722,-3.215205)
sort_order = 290

