[editor]
sort_order = 200
position = (26.693419,-1.066483)

