[editor]
position = (28.003244,-2.944986)
sort_order = 300

