[editor]
position = (26.413401,-1.556424)
sort_order = 180

