[editor]
sort_order = 380
position = (26.746410,-1.144678)

