[editor]
position = (26.118790,-1.307407)
sort_order = 250

