[editor]
sort_order = 180
position = (26.415766,-1.546967)

