[editor]
position = (27.733185,-5.429203)
sort_order = 300

