[editor]
sort_order = 710
position = (26.493084,-3.087627)

