[editor]
position = (26.721354,-1.864979)
sort_order = 270

