[editor]
sort_order = 590
position = (26.009457,-3.388515)

