[editor]
sort_order = 260
position = (26.104649,-1.327971)

