[editor]
sort_order = 240
position = (26.416052,-1.169112)

