[editor]
position = (26.112078,-3.216177)
sort_order = 280

