[editor]
sort_order = 320
position = (26.393869,-1.839595)

