[editor]
sort_order = 530
position = (26.151035,-3.403434)

