[editor]
sort_order = 280
position = (26.414890,-1.741198)

