[editor]
sort_order = 250
position = (26.685143,-1.143323)

