[editor]
position = (26.414890,-1.671451)
sort_order = 280

