[editor]
sort_order = 290
position = (26.011312,-1.651300)

