[editor]
sort_order = 250
position = (26.218090,-1.320411)

