[editor]
sort_order = 370
position = (27.181225,-3.386431)

