[editor]
position = (26.356445,-3.237016)
sort_order = 570

