[editor]
sort_order = 380
position = (26.757814,-1.231160)

