[editor]
position = (26.618813,-1.420742)
sort_order = 220

