[editor]
sort_order = 410
position = (27.737648,-3.227493)

