[editor]
position = (26.412506,-1.079269)
sort_order = 190

