[editor]
position = (26.218090,-1.320411)
sort_order = 250

