[editor]
position = (27.181225,-3.386431)
sort_order = 340

