[editor]
position = (26.420412,-2.999790)
sort_order = 550

