[editor]
position = (26.415583,-1.351546)
sort_order = 220

