[editor]
position = (26.210503,-1.140691)
sort_order = 280

