[editor]
position = (26.693419,-1.066483)
sort_order = 200

