[editor]
position = (26.151321,-3.025579)
sort_order = 540

