[editor]
position = (27.199471,-3.150795)
sort_order = 430

