[editor]
sort_order = 350
position = (27.733185,-5.429203)

