[editor]
sort_order = 240
position = (26.123100,-1.133413)

