[editor]
sort_order = 240
position = (26.013161,-1.031748)

