[editor]
position = (26.123100,-1.133413)
sort_order = 290

