[editor]
position = (26.529945,-3.269048)
sort_order = 720

