[editor]
sort_order = 560
position = (26.410233,-3.084569)

