[editor]
sort_order = 330
position = (26.414890,-1.671451)

