[editor]
position = (26.794676,-1.412581)
sort_order = 400

