[editor]
position = (26.801554,-1.222885)
sort_order = 380

