[editor]
position = (26.393869,-1.839595)
sort_order = 360

