[editor]
position = (26.481680,-3.001145)
sort_order = 700

