[editor]
position = (26.698893,-1.762132)
sort_order = 320

