[editor]
sort_order = 260
position = (26.005348,-1.314967)

