[editor]
sort_order = 310
position = (26.616291,-3.953113)

