[editor]
sort_order = 730
position = (26.233860,-2.365323)

