[editor]
position = (26.005348,-1.314967)
sort_order = 260

