[editor]
sort_order = 220
position = (26.621176,-1.380549)

