[editor]
sort_order = 210
position = (26.674963,-1.228102)

