[editor]
sort_order = 630
position = (25.424894,-2.867199)

