[editor]
position = (27.006685,-3.283915)
sort_order = 640

