[editor]
position = (26.150160,-3.527918)
sort_order = 610

