[editor]
sort_order = 690
position = (27.146257,-3.094579)

