[editor]
sort_order = 600
position = (26.231407,-2.557073)

