[editor]
sort_order = 230
position = (26.210503,-1.140691)

