[editor]
position = (26.746410,-1.144678)
sort_order = 360

