[editor]
position = (26.303303,-1.838079)
sort_order = 290

