[editor]
sort_order = 440
position = (27.819429,-2.744649)

