[editor]
position = (26.104649,-1.327971)
sort_order = 310

