[editor]
position = (27.548399,-2.865785)
sort_order = 410

