[editor]
sort_order = 520
position = (26.150852,-3.208013)

