[editor]
sort_order = 360
position = (26.764143,-1.067838)

