[editor]
position = (26.685143,-1.143323)
sort_order = 200

