[editor]
position = (26.416052,-1.169112)
sort_order = 190

