[editor]
position = (26.674963,-1.228102)
sort_order = 260

