[editor]
sort_order = 200
position = (26.685143,-1.143323)

