[editor]
sort_order = 220
position = (26.618813,-1.420742)

