[editor]
sort_order = 460
position = (26.733860,-2.865323)

