[editor]
position = (26.013161,-1.031748)
sort_order = 240

