[editor]
position = (26.104109,-1.036662)
sort_order = 230

