[editor]
sort_order = 170
position = (26.415583,-1.351546)

