[editor]
position = (26.143253,-1.651634)
sort_order = 320

