[editor]
position = (26.005243,-3.151579)
sort_order = 580

