[editor]
position = (26.412037,-1.298349)
sort_order = 170

