[editor]
sort_order = 190
position = (26.416052,-1.169112)

