[editor]
sort_order = 740
position = (27.498545,-1.820277)

