[editor]
sort_order = 400
position = (26.807678,-1.437406)

