[editor]
sort_order = 270
position = (26.698893,-1.762132)

