[editor]
position = (26.415766,-1.546967)
sort_order = 230

