[editor]
position = (26.757814,-1.231160)
sort_order = 390

