[editor]
sort_order = 290
position = (26.303303,-1.838079)

