[editor]
position = (26.621176,-1.380549)
sort_order = 270

