[editor]
position = (26.116291,-3.453113)
sort_order = 300

