[editor]
sort_order = 300
position = (26.218090,-1.320411)

