[editor]
sort_order = 680
position = (25.515461,-2.868715)

