[editor]
position = (-2.444588,-1.919166)
sort_order = 450

