[editor]
sort_order = 200
position = (-2.444588,-1.919166)

