[editor]
position = (-2.000000,-2.000000)
sort_order = 390

