[editor]
sort_order = 180
position = (-7.997753,-0.004968)

