[editor]
position = (-7.997753,-0.004968)
sort_order = 190

