[editor]
sort_order = 60
position = (-11.642466,0.084438)

