[editor]
sort_order = 190
position = (-11.642466,0.084438)

