[editor]
sort_order = 150
position = (-5.039243,0.010411)

