[editor]
sort_order = 200
position = (-5.039243,0.010411)

