[editor]
sort_order = 40
position = (-7.997753,-0.004968)

