[editor]
position = (-11.642466,0.084438)
sort_order = 270

