[editor]
position = (-5.039243,0.010411)
sort_order = 50

