[editor]
position = (9.205185,5.115348)
sort_order = 80

