[editor]
sort_order = 210
position = (9.205185,5.115348)

