[editor]
sort_order = 190
position = (3.913693,0.005197)

