[editor]
sort_order = 200
position = (9.294888,4.712786)

