[editor]
position = (3.913693,0.005197)
sort_order = 60

