[editor]
sort_order = 50
position = (3.913693,0.005197)

