[editor]
sort_order = 220
position = (9.294888,4.712786)

