[editor]
position = (9.294888,4.712786)
sort_order = 210

