[editor]
sort_order = 210
position = (3.913693,0.005197)

