[editor]
sort_order = 230
position = (9.205185,5.115348)

