[editor]
sort_order = 60
position = (9.294888,4.712786)

