[editor]
sort_order = 70
position = (9.205185,5.115348)

