[editor]
position = (1.417264,0.011248)
sort_order = 60

