[editor]
sort_order = 90
position = (12.014895,5.824121)

