[editor]
sort_order = 250
position = (12.014895,5.824121)

