[editor]
sort_order = 230
position = (3.122589,-5.255772)

