[editor]
position = (1.906729,-4.458858)
sort_order = 70

