[editor]
sort_order = 210
position = (1.906729,-4.458858)

