[editor]
sort_order = 220
position = (1.906729,-4.458858)

