[editor]
sort_order = 70
position = (2.282030,0.487469)

