[editor]
sort_order = 200
position = (1.906729,-4.458858)

