[editor]
position = (12.014895,5.824121)
sort_order = 220

