[editor]
sort_order = 0
position = (9.730247,0.792198)

