[editor]
sort_order = 240
position = (-0.066319,-1.747974)

