[editor]
sort_order = 160
position = (3.122589,-5.255772)

