[editor]
sort_order = 280
position = (1.906729,-4.458858)

