[editor]
sort_order = 420
position = (27.690414,-4.262725)

