[editor]
position = (27.588444,-3.788664)
sort_order = 420

