[editor]
position = (9.000000,-6.000000)
sort_order = 0

