[editor]
position = (7.000000,-6.000000)
sort_order = 10

