[editor]
sort_order = 500
position = (20.500000,-1.000000)

