[editor]
sort_order = 0
position = (9.000000,-6.000000)

