[editor]
sort_order = 470
position = (18.500000,-1.000000)

