[editor]
sort_order = 10
position = (7.000000,-6.000000)

