[editor]
sort_order = 490
position = (19.500000,-1.000000)

