[editor]
sort_order = 20
position = (21.500000,-0.000000)

