[editor]
sort_order = 140
position = (20.500000,-0.000000)

