[editor]
sort_order = 360
position = (22.500000,-0.000000)

