[editor]
sort_order = 240
position = (20.500000,-0.000000)

