[editor]
position = (19.500000,0.000000)
sort_order = 230

