[editor]
position = (22.500000,-0.000000)
sort_order = 420

