[editor]
sort_order = 0
position = (19.500000,0.000000)

