[editor]
position = (21.500000,-0.000000)
sort_order = 250

