[editor]
sort_order = 40
position = (21.500000,-0.000000)

