[editor]
sort_order = 20
position = (19.500000,0.000000)

