[editor]
position = (20.500000,-0.000000)
sort_order = 150

