[editor]
position = (8.250000,-2.500000)
sort_order = 0

