[editor]
sort_order = 20
position = (6.996078,-3.517251)

