[editor]
sort_order = 20
position = (2.874663,-2.476970)

