[editor]
position = (29.000000,-2.500000)
sort_order = 330

