[editor]
position = (29.500000,-2.000000)
sort_order = 460

