[editor]
sort_order = 450
position = (28.500000,-2.000000)

