[editor]
position = (30.500000,-4.000000)
sort_order = 650

