[editor]
sort_order = 460
position = (29.500000,-2.000000)

