[editor]
position = (28.500000,-2.000000)
sort_order = 620

