[editor]
position = (30.500000,-2.000000)
sort_order = 660

