[editor]
sort_order = 330
position = (29.000000,-2.500000)

