[editor]
sort_order = 0
position = (17.874096,1.212529)

