[editor]
position = (17.874096,1.212529)
sort_order = 30

