[editor]
sort_order = 40
position = (12.092871,1.364941)

