[editor]
sort_order = 20
position = (15.071986,1.297789)

