[editor]
sort_order = 30
position = (17.874096,1.212529)

