[editor]
sort_order = 20
position = (1.938788,-6.198217)

