[editor]
sort_order = 20
position = (12.092871,1.364941)

