[editor]
position = (12.092871,1.364941)
sort_order = 10

