[editor]
position = (15.071986,1.297789)
sort_order = 30

