[editor]
sort_order = 50
position = (15.071986,1.297789)

