[editor]
position = (-1.040327,-6.131065)
sort_order = 10

