[editor]
position = (4.740897,-6.283477)
sort_order = 0

