[view]
light_direction = (-1.000000,0.000000)
camera_position = (19.094669,5.068947)
camera_zoom = 0.185302

