[view]
light_direction = (0.704639,0.709566)
camera_position = (6.089392,1.164840)
camera_zoom = 10.522632

