[view]
light_direction = (0.704639,0.709566)
camera_position = (20.210634,-0.330712)
camera_zoom = 4.505335
show_names = false

