[view]
light_direction = (0.704639,0.709566)
camera_position = (-13.502220,-6.066877)
camera_zoom = 0.495037
show_names = false

