[view]
light_direction = (0.704639,0.709566)
camera_position = (-2.830141,-0.549927)
camera_zoom = 1.129180

