[view]
light_direction = (0.704639,0.709566)
camera_position = (22.203823,0.281194)
camera_zoom = 9.703274
show_names = false

