[view]
light_direction = (0.704639,0.709566)
camera_position = (30.140362,-1.555688)
camera_zoom = 16.890120
show_names = true

