[view]
light_direction = (0.704639,0.709566)
camera_position = (31.713352,-2.820596)
camera_zoom = 3.960502
show_names = true

