[view]
light_direction = (-1.000000,0.000000)
camera_position = (12.601999,3.605644)
camera_zoom = 3.440693

