[view]
light_direction = (0.704639,0.709566)
camera_position = (27.952549,-2.208193)
camera_zoom = 6.151435
show_names = true

