[view]
light_direction = (-1.000000,0.000000)
camera_position = (0.351537,-5.743711)
camera_zoom = 4.235721

