[view]
light_direction = (0.704639,0.709566)
camera_position = (29.039928,-1.749963)
camera_zoom = 4.276618
show_names = true

