[view]
light_direction = (0.704639,0.709566)
camera_position = (-0.439198,-9.402712)
camera_zoom = 0.629248

