[view]
light_direction = (0.704639,0.709566)
camera_position = (9.185852,-7.139993)
camera_zoom = 3.678220

