[view]
light_direction = (0.704639,0.709566)
camera_position = (28.000267,-1.559430)
camera_zoom = 3.794551
show_names = true

