[view]
light_direction = (0.704639,0.709566)
camera_position = (-10.176304,-17.163153)
camera_zoom = 5.936456
show_names = true

