[view]
light_direction = (0.704639,0.709566)
camera_position = (31.532511,-2.736138)
camera_zoom = 5.969371
show_names = true

