[view]
light_direction = (0.704639,0.709566)
camera_position = (31.279554,-0.272352)
camera_zoom = 2.970588
show_names = true

