[view]
light_direction = (0.704639,0.709566)
camera_position = (8.944261,1.932281)
camera_zoom = 1.624201

