[editor]
sort_order = 10
position = (0.000000,0.000000)

