[editor]
sort_order = 30
position = (-7.244594,-16.729271)

