[editor]
sort_order = 20
position = (-7.675212,-16.523899)

