[editor]
position = (-7.244594,-16.729271)
sort_order = 20

